off

D770F1FF
Unknown encoding: D770F1FF (32 bits)
Raw (60): 15692 8650 -3950 550 -1500 500 -500 500 -500 500 -500 500 -1500 500 -500 550 -450 550 -500 400 -1600 500 -1500 450 -550 500 -500 500 -500 500 -500 450 -550 500 -500 500 -500 500 -500 550 -450 550 -500 500 -500 500 -1500 500 -500 500 -1500 450 -550 500 -500 500 -500 500 -1500 500 

on

7192B522
Unknown encoding: 7192B522 (32 bits)
Raw (60): -13674 8650 -3950 550 -1500 500 -500 500 -500 500 -500 500 -1500 500 -500 550 -500 500 -500 500 -500 500 -500 500 -500 500 -500 500 -500 500 -500 500 -500 500 -500 450 -550 450 -1550 550 -1500 500 -1500 400 -600 500 -500 500 -500 450 -550 500 -500 500 -1500 550 -1450 500 -1550 500 

tempup

D5C3694D
Unknown encoding: D5C3694D (32 bits)
Raw (60): -14712 8600 -3950 600 -1450 500 -550 450 -550 500 -500 500 -1450 550 -500 500 -450 500 -500 550 -500 500 -500 500 -500 450 -550 500 -1500 500 -500 450 -550 550 -450 500 -1500 550 -450 550 -450 500 -500 550 -500 450 -550 500 -500 500 -500 500 -500 500 -500 450 -550 550 -450 550 

tempdown

BAF71688
Unknown encoding: BAF71688 (32 bits)
Raw (60): -16110 8600 -4000 550 -1450 550 -500 500 -500 500 -500 500 -1450 550 -500 500 -500 500 -500 500 -500 500 -550 500 -450 550 -500 500 -1450 450 -600 500 -500 500 -500 500 -500 500 -1500 500 -1500 450 -1550 550 -450 550 -500 450 -550 500 -500 500 -1450 500 -1500 550 -1500 450 -1550 500